Run semi-empirical minimization
 &qmmm
    qm_theory='AM1', grms_tol=0.0005,
 scfconv=1.d-10, ndiis_attempts=700,   qmcharge=0,
 /
   6    C1        2.6490        1.2080       -2.0930 
   6    C2        1.2980        0.8340       -1.4450 
   6    C3        1.4650        0.0630       -0.1090 
   6    C4        0.1140       -0.3110        0.5390 
   1    H1        3.3820        1.4110       -1.3120 
   1    H2        2.9970        0.3810       -2.7120 
   1    H3        2.5220        2.0970       -2.7120 
   1    H4        0.8150        1.7780       -1.1920 
   1    H5        0.8150        0.1430       -2.1360 
   1    H6        1.9480       -0.8810       -0.3620 
   1    H7        1.9480        0.7540        0.5820 
   1    H8        0.2110       -0.2840        1.6250 
   1    H9       -0.6490        0.4010        0.2250 
   1   H10       -0.1740       -1.3150        0.2250 

